网络读取
Glide                   UIL                      Fresco                     Volley                       Picasso
282.12609299999997      206.50854099999998       292.19958299999996         230.77416599999998           451.476615
240.57802099999998      217.878646               292.616406                 295.313021                   477.67734299999995
177.64442699999998      301.290052               237.574427                 284.77187499999997           456.491667
240.31026                264.738698              494.401458                 358.238333                   401.041719
256.787709              278.09317699999997       217.746927                 409.711094                   462.852396
254.975417              297.63708299999996       346.477188                 415.67395799999997           468.019531
540.526562              653.2910939999999        887.313802                 861.321926                   688.7166659999999
183.38901099999998      172.950625               200.722917                 252.735625                   338.540105
138.34354199999999      156.429375               156.163021                 214.46671899999998           286.40401099999997
218.235989              202.271511               152.361042                 305.344948                   325.187812
262.212448              246.518541               265.717292                 331.962605                   384.951823
